{
  "cells": [
    {
      "metadata": {
        "_uuid": "4b77712a0d8ed0573d5ff484b02a004e85fc91eb"
      },
      "cell_type": "markdown",
      "source": "<h1>Deriving features and cross-correlation (time-lag) </h1>"
    },
    {
      "metadata": {
        "_uuid": "1dca2e4b7c6fcbf97c833c239d3eabc34c985fb9"
      },
      "cell_type": "markdown",
      "source": "<h2>Using a weather dataset as a example</h2>"
    },
    {
      "metadata": {
        "trusted": true,
        "collapsed": true,
        "_uuid": "09c8054605ebfb0733fe5253801c1f354788fa4e"
      },
      "cell_type": "code",
      "source": "import pandas as pd",
      "execution_count": 1,
      "outputs": []
    },
    {
      "metadata": {
        "_uuid": "8f2839f25d086af736a60e9eeb907d3b93b6e0e5",
        "_cell_guid": "b1076dfc-b9ad-4769-8c92-a6c4dae69d19",
        "trusted": true,
        "scrolled": true,
        "collapsed": true
      },
      "cell_type": "code",
      "source": "df = pd.read_csv(\"../input/sudeste.csv\")",
      "execution_count": 2,
      "outputs": []
    },
    {
      "metadata": {
        "_uuid": "26a6f350941346af68578ecabe413bba1762da88"
      },
      "cell_type": "markdown",
      "source": "I will choose a especif weather station as an example.  **RIO DE JANEIRO** (weather station id: 384) and some **more recents records**"
    },
    {
      "metadata": {
        "trusted": true,
        "_uuid": "300b650d88cd8b9b8a1325d6ffd9ec5b31612209"
      },
      "cell_type": "code",
      "source": "dfx = df[(df['wsid']==384) & (df['mdct'] > '2015-01-01 00:00:00')  ]\ndfx.head(5)",
      "execution_count": 3,
      "outputs": [
        {
          "output_type": "execute_result",
          "execution_count": 3,
          "data": {
            "text/plain": "         wsid          wsnm  elvt        lat       lon  inme            city  \\\n6842217   384  VILA MILITAR  30.0 -22.861322 -43.41141  A621  Rio de Janeiro   \n6842218   384  VILA MILITAR  30.0 -22.861322 -43.41141  A621  Rio de Janeiro   \n6842219   384  VILA MILITAR  30.0 -22.861322 -43.41141  A621  Rio de Janeiro   \n6842220   384  VILA MILITAR  30.0 -22.861322 -43.41141  A621  Rio de Janeiro   \n6842221   384  VILA MILITAR  30.0 -22.861322 -43.41141  A621  Rio de Janeiro   \n\n        prov                 mdct        date  ...   tmax  dmax  tmin  dmin  \\\n6842217   RJ  2015-01-01 01:00:00  2015-01-01  ...   26.1  20.7  25.2  19.8   \n6842218   RJ  2015-01-01 02:00:00  2015-01-01  ...   25.6  21.1  24.6  19.8   \n6842219   RJ  2015-01-01 03:00:00  2015-01-01  ...   25.5  21.0  24.4  19.8   \n6842220   RJ  2015-01-01 04:00:00  2015-01-01  ...   25.6  20.5  24.7  18.9   \n6842221   RJ  2015-01-01 05:00:00  2015-01-01  ...   25.2  20.1  23.6  19.1   \n\n         hmdy  hmax  hmin  wdsp   wdct  gust  \n6842217  72.0  74.0  70.0   0.3  218.0   4.5  \n6842218  80.0  80.0  70.0   0.6   36.0   1.1  \n6842219  74.0  81.0  71.0   0.4  106.0   2.7  \n6842220  72.0  77.0  66.0   0.8  114.0   2.2  \n6842221  77.0  79.0  70.0   1.1   36.0   2.3  \n\n[5 rows x 31 columns]",
            "text/html": "<div>\n<style scoped>\n    .dataframe tbody tr th:only-of-type {\n        vertical-align: middle;\n    }\n\n    .dataframe tbody tr th {\n        vertical-align: top;\n    }\n\n    .dataframe thead th {\n        text-align: right;\n    }\n</style>\n<table border=\"1\" class=\"dataframe\">\n  <thead>\n    <tr style=\"text-align: right;\">\n      <th></th>\n      <th>wsid</th>\n      <th>wsnm</th>\n      <th>elvt</th>\n      <th>lat</th>\n      <th>lon</th>\n      <th>inme</th>\n      <th>city</th>\n      <th>prov</th>\n      <th>mdct</th>\n      <th>date</th>\n      <th>...</th>\n      <th>tmax</th>\n      <th>dmax</th>\n      <th>tmin</th>\n      <th>dmin</th>\n      <th>hmdy</th>\n      <th>hmax</th>\n      <th>hmin</th>\n      <th>wdsp</th>\n      <th>wdct</th>\n      <th>gust</th>\n    </tr>\n  </thead>\n  <tbody>\n    <tr>\n      <th>6842217</th>\n      <td>384</td>\n      <td>VILA MILITAR</td>\n      <td>30.0</td>\n      <td>-22.861322</td>\n      <td>-43.41141</td>\n      <td>A621</td>\n      <td>Rio de Janeiro</td>\n      <td>RJ</td>\n      <td>2015-01-01 01:00:00</td>\n      <td>2015-01-01</td>\n      <td>...</td>\n      <td>26.1</td>\n      <td>20.7</td>\n      <td>25.2</td>\n      <td>19.8</td>\n      <td>72.0</td>\n      <td>74.0</td>\n      <td>70.0</td>\n      <td>0.3</td>\n      <td>218.0</td>\n      <td>4.5</td>\n    </tr>\n    <tr>\n      <th>6842218</th>\n      <td>384</td>\n      <td>VILA MILITAR</td>\n      <td>30.0</td>\n      <td>-22.861322</td>\n      <td>-43.41141</td>\n      <td>A621</td>\n      <td>Rio de Janeiro</td>\n      <td>RJ</td>\n      <td>2015-01-01 02:00:00</td>\n      <td>2015-01-01</td>\n      <td>...</td>\n      <td>25.6</td>\n      <td>21.1</td>\n      <td>24.6</td>\n      <td>19.8</td>\n      <td>80.0</td>\n      <td>80.0</td>\n      <td>70.0</td>\n      <td>0.6</td>\n      <td>36.0</td>\n      <td>1.1</td>\n    </tr>\n    <tr>\n      <th>6842219</th>\n      <td>384</td>\n      <td>VILA MILITAR</td>\n      <td>30.0</td>\n      <td>-22.861322</td>\n      <td>-43.41141</td>\n      <td>A621</td>\n      <td>Rio de Janeiro</td>\n      <td>RJ</td>\n      <td>2015-01-01 03:00:00</td>\n      <td>2015-01-01</td>\n      <td>...</td>\n      <td>25.5</td>\n      <td>21.0</td>\n      <td>24.4</td>\n      <td>19.8</td>\n      <td>74.0</td>\n      <td>81.0</td>\n      <td>71.0</td>\n      <td>0.4</td>\n      <td>106.0</td>\n      <td>2.7</td>\n    </tr>\n    <tr>\n      <th>6842220</th>\n      <td>384</td>\n      <td>VILA MILITAR</td>\n      <td>30.0</td>\n      <td>-22.861322</td>\n      <td>-43.41141</td>\n      <td>A621</td>\n      <td>Rio de Janeiro</td>\n      <td>RJ</td>\n      <td>2015-01-01 04:00:00</td>\n      <td>2015-01-01</td>\n      <td>...</td>\n      <td>25.6</td>\n      <td>20.5</td>\n      <td>24.7</td>\n      <td>18.9</td>\n      <td>72.0</td>\n      <td>77.0</td>\n      <td>66.0</td>\n      <td>0.8</td>\n      <td>114.0</td>\n      <td>2.2</td>\n    </tr>\n    <tr>\n      <th>6842221</th>\n      <td>384</td>\n      <td>VILA MILITAR</td>\n      <td>30.0</td>\n      <td>-22.861322</td>\n      <td>-43.41141</td>\n      <td>A621</td>\n      <td>Rio de Janeiro</td>\n      <td>RJ</td>\n      <td>2015-01-01 05:00:00</td>\n      <td>2015-01-01</td>\n      <td>...</td>\n      <td>25.2</td>\n      <td>20.1</td>\n      <td>23.6</td>\n      <td>19.1</td>\n      <td>77.0</td>\n      <td>79.0</td>\n      <td>70.0</td>\n      <td>1.1</td>\n      <td>36.0</td>\n      <td>2.3</td>\n    </tr>\n  </tbody>\n</table>\n<p>5 rows × 31 columns</p>\n</div>"
          },
          "metadata": {}
        }
      ]
    },
    {
      "metadata": {
        "_uuid": "1f561abcf36922afe404b96a6200c3717c8f0aca"
      },
      "cell_type": "markdown",
      "source": "<h2>Cross-correlation (time-lag) using pandas</h2></h2>"
    },
    {
      "metadata": {
        "_uuid": "faaaac979c43a21a392ecf1d8d45401b292590b5"
      },
      "cell_type": "markdown",
      "source": "Let's get focus in some features: \n* temp (temperature) \n* hmdy (relative humidity)"
    },
    {
      "metadata": {
        "trusted": true,
        "_uuid": "68ccc0f70ebcdd1dc4ddb6c2334483180fec60f2"
      },
      "cell_type": "code",
      "source": "fields = ['mdct','temp','hmdy'] # mdct is datetime \nx = dfx[fields]\nx.head(10)",
      "execution_count": 4,
      "outputs": [
        {
          "output_type": "execute_result",
          "execution_count": 4,
          "data": {
            "text/plain": "                        mdct  temp  hmdy\n6842217  2015-01-01 01:00:00  25.6  72.0\n6842218  2015-01-01 02:00:00  24.6  80.0\n6842219  2015-01-01 03:00:00  24.8  74.0\n6842220  2015-01-01 04:00:00  24.8  72.0\n6842221  2015-01-01 05:00:00  24.1  77.0\n6842222  2015-01-01 06:00:00  25.0  68.0\n6842223  2015-01-01 07:00:00  26.1  59.0\n6842224  2015-01-01 08:00:00  26.6  56.0\n6842225  2015-01-01 09:00:00  26.9  57.0\n6842226  2015-01-01 10:00:00  29.6  49.0",
            "text/html": "<div>\n<style scoped>\n    .dataframe tbody tr th:only-of-type {\n        vertical-align: middle;\n    }\n\n    .dataframe tbody tr th {\n        vertical-align: top;\n    }\n\n    .dataframe thead th {\n        text-align: right;\n    }\n</style>\n<table border=\"1\" class=\"dataframe\">\n  <thead>\n    <tr style=\"text-align: right;\">\n      <th></th>\n      <th>mdct</th>\n      <th>temp</th>\n      <th>hmdy</th>\n    </tr>\n  </thead>\n  <tbody>\n    <tr>\n      <th>6842217</th>\n      <td>2015-01-01 01:00:00</td>\n      <td>25.6</td>\n      <td>72.0</td>\n    </tr>\n    <tr>\n      <th>6842218</th>\n      <td>2015-01-01 02:00:00</td>\n      <td>24.6</td>\n      <td>80.0</td>\n    </tr>\n    <tr>\n      <th>6842219</th>\n      <td>2015-01-01 03:00:00</td>\n      <td>24.8</td>\n      <td>74.0</td>\n    </tr>\n    <tr>\n      <th>6842220</th>\n      <td>2015-01-01 04:00:00</td>\n      <td>24.8</td>\n      <td>72.0</td>\n    </tr>\n    <tr>\n      <th>6842221</th>\n      <td>2015-01-01 05:00:00</td>\n      <td>24.1</td>\n      <td>77.0</td>\n    </tr>\n    <tr>\n      <th>6842222</th>\n      <td>2015-01-01 06:00:00</td>\n      <td>25.0</td>\n      <td>68.0</td>\n    </tr>\n    <tr>\n      <th>6842223</th>\n      <td>2015-01-01 07:00:00</td>\n      <td>26.1</td>\n      <td>59.0</td>\n    </tr>\n    <tr>\n      <th>6842224</th>\n      <td>2015-01-01 08:00:00</td>\n      <td>26.6</td>\n      <td>56.0</td>\n    </tr>\n    <tr>\n      <th>6842225</th>\n      <td>2015-01-01 09:00:00</td>\n      <td>26.9</td>\n      <td>57.0</td>\n    </tr>\n    <tr>\n      <th>6842226</th>\n      <td>2015-01-01 10:00:00</td>\n      <td>29.6</td>\n      <td>49.0</td>\n    </tr>\n  </tbody>\n</table>\n</div>"
          },
          "metadata": {}
        }
      ]
    },
    {
      "metadata": {
        "_uuid": "ed6a745fbafa48a7e9b4a2eb459e09ea62224d0a"
      },
      "cell_type": "markdown",
      "source": "Imagine that you need to **correlate the temp** in t with t-1 (1 hour ago), t-2 (2 hours ago), ... t-n(n hours ago).  A good approach is **create a function** that shifted your dataframe first before calling the corr(). Let us break down what we hope to accomplish, and then translate that into code. For each hour (row) and for a given feature (column) I would like to find the value for that feature N hours prior. For each value of N (1-6 in our case) I want to make a new column for that feature representing the Nth prior hour's measurement."
    },
    {
      "metadata": {
        "trusted": true,
        "_uuid": "92d8d8197ca99280d31ab0ba5353ba31451ca540",
        "collapsed": true
      },
      "cell_type": "code",
      "source": "def df_derived_by_shift(df,lag=0,NON_DER=[]):\n    df = df.copy()\n    if not lag:\n        return df\n    cols ={}\n    for i in range(1,lag+1):\n        for x in list(df.columns):\n            if x not in NON_DER:\n                if not x in cols:\n                    cols[x] = ['{}_{}'.format(x, i)]\n                else:\n                    cols[x].append('{}_{}'.format(x, i))\n    for k,v in cols.items():\n        columns = v\n        dfn = pd.DataFrame(data=None, columns=columns, index=df.index)    \n        i = 1\n        for c in columns:\n            dfn[c] = df[k].shift(periods=i)\n            i+=1\n        df = pd.concat([df, dfn], axis=1, join_axes=[df.index])\n    return df",
      "execution_count": 5,
      "outputs": []
    },
    {
      "metadata": {
        "_uuid": "446f529b26ea4311589d227ebe59afecba101846"
      },
      "cell_type": "markdown",
      "source": "Suposing that you need to correlate 6 hours. "
    },
    {
      "metadata": {
        "_uuid": "d629ff2d2480ee46fbb7e2d37f6b5fab8052498a",
        "_cell_guid": "79c7e3d0-c299-4dcb-8224-4455121ee9b0",
        "trusted": true,
        "collapsed": true
      },
      "cell_type": "code",
      "source": "NON_DER = ['mdct',]\ndf_new = df_derived_by_shift(x, 6, NON_DER)",
      "execution_count": 6,
      "outputs": []
    },
    {
      "metadata": {
        "trusted": true,
        "_uuid": "a9a4456058cefdd7317c441cbfb1281ee5bbe9e6"
      },
      "cell_type": "code",
      "source": "df_new.head(10)",
      "execution_count": 7,
      "outputs": [
        {
          "output_type": "execute_result",
          "execution_count": 7,
          "data": {
            "text/plain": "                        mdct  temp  hmdy  temp_1  temp_2  temp_3  temp_4  \\\n6842217  2015-01-01 01:00:00  25.6  72.0     NaN     NaN     NaN     NaN   \n6842218  2015-01-01 02:00:00  24.6  80.0    25.6     NaN     NaN     NaN   \n6842219  2015-01-01 03:00:00  24.8  74.0    24.6    25.6     NaN     NaN   \n6842220  2015-01-01 04:00:00  24.8  72.0    24.8    24.6    25.6     NaN   \n6842221  2015-01-01 05:00:00  24.1  77.0    24.8    24.8    24.6    25.6   \n6842222  2015-01-01 06:00:00  25.0  68.0    24.1    24.8    24.8    24.6   \n6842223  2015-01-01 07:00:00  26.1  59.0    25.0    24.1    24.8    24.8   \n6842224  2015-01-01 08:00:00  26.6  56.0    26.1    25.0    24.1    24.8   \n6842225  2015-01-01 09:00:00  26.9  57.0    26.6    26.1    25.0    24.1   \n6842226  2015-01-01 10:00:00  29.6  49.0    26.9    26.6    26.1    25.0   \n\n         temp_5  temp_6  hmdy_1  hmdy_2  hmdy_3  hmdy_4  hmdy_5  hmdy_6  \n6842217     NaN     NaN     NaN     NaN     NaN     NaN     NaN     NaN  \n6842218     NaN     NaN    72.0     NaN     NaN     NaN     NaN     NaN  \n6842219     NaN     NaN    80.0    72.0     NaN     NaN     NaN     NaN  \n6842220     NaN     NaN    74.0    80.0    72.0     NaN     NaN     NaN  \n6842221     NaN     NaN    72.0    74.0    80.0    72.0     NaN     NaN  \n6842222    25.6     NaN    77.0    72.0    74.0    80.0    72.0     NaN  \n6842223    24.6    25.6    68.0    77.0    72.0    74.0    80.0    72.0  \n6842224    24.8    24.6    59.0    68.0    77.0    72.0    74.0    80.0  \n6842225    24.8    24.8    56.0    59.0    68.0    77.0    72.0    74.0  \n6842226    24.1    24.8    57.0    56.0    59.0    68.0    77.0    72.0  ",
            "text/html": "<div>\n<style scoped>\n    .dataframe tbody tr th:only-of-type {\n        vertical-align: middle;\n    }\n\n    .dataframe tbody tr th {\n        vertical-align: top;\n    }\n\n    .dataframe thead th {\n        text-align: right;\n    }\n</style>\n<table border=\"1\" class=\"dataframe\">\n  <thead>\n    <tr style=\"text-align: right;\">\n      <th></th>\n      <th>mdct</th>\n      <th>temp</th>\n      <th>hmdy</th>\n      <th>temp_1</th>\n      <th>temp_2</th>\n      <th>temp_3</th>\n      <th>temp_4</th>\n      <th>temp_5</th>\n      <th>temp_6</th>\n      <th>hmdy_1</th>\n      <th>hmdy_2</th>\n      <th>hmdy_3</th>\n      <th>hmdy_4</th>\n      <th>hmdy_5</th>\n      <th>hmdy_6</th>\n    </tr>\n  </thead>\n  <tbody>\n    <tr>\n      <th>6842217</th>\n      <td>2015-01-01 01:00:00</td>\n      <td>25.6</td>\n      <td>72.0</td>\n      <td>NaN</td>\n      <td>NaN</td>\n      <td>NaN</td>\n      <td>NaN</td>\n      <td>NaN</td>\n      <td>NaN</td>\n      <td>NaN</td>\n      <td>NaN</td>\n      <td>NaN</td>\n      <td>NaN</td>\n      <td>NaN</td>\n      <td>NaN</td>\n    </tr>\n    <tr>\n      <th>6842218</th>\n      <td>2015-01-01 02:00:00</td>\n      <td>24.6</td>\n      <td>80.0</td>\n      <td>25.6</td>\n      <td>NaN</td>\n      <td>NaN</td>\n      <td>NaN</td>\n      <td>NaN</td>\n      <td>NaN</td>\n      <td>72.0</td>\n      <td>NaN</td>\n      <td>NaN</td>\n      <td>NaN</td>\n      <td>NaN</td>\n      <td>NaN</td>\n    </tr>\n    <tr>\n      <th>6842219</th>\n      <td>2015-01-01 03:00:00</td>\n      <td>24.8</td>\n      <td>74.0</td>\n      <td>24.6</td>\n      <td>25.6</td>\n      <td>NaN</td>\n      <td>NaN</td>\n      <td>NaN</td>\n      <td>NaN</td>\n      <td>80.0</td>\n      <td>72.0</td>\n      <td>NaN</td>\n      <td>NaN</td>\n      <td>NaN</td>\n      <td>NaN</td>\n    </tr>\n    <tr>\n      <th>6842220</th>\n      <td>2015-01-01 04:00:00</td>\n      <td>24.8</td>\n      <td>72.0</td>\n      <td>24.8</td>\n      <td>24.6</td>\n      <td>25.6</td>\n      <td>NaN</td>\n      <td>NaN</td>\n      <td>NaN</td>\n      <td>74.0</td>\n      <td>80.0</td>\n      <td>72.0</td>\n      <td>NaN</td>\n      <td>NaN</td>\n      <td>NaN</td>\n    </tr>\n    <tr>\n      <th>6842221</th>\n      <td>2015-01-01 05:00:00</td>\n      <td>24.1</td>\n      <td>77.0</td>\n      <td>24.8</td>\n      <td>24.8</td>\n      <td>24.6</td>\n      <td>25.6</td>\n      <td>NaN</td>\n      <td>NaN</td>\n      <td>72.0</td>\n      <td>74.0</td>\n      <td>80.0</td>\n      <td>72.0</td>\n      <td>NaN</td>\n      <td>NaN</td>\n    </tr>\n    <tr>\n      <th>6842222</th>\n      <td>2015-01-01 06:00:00</td>\n      <td>25.0</td>\n      <td>68.0</td>\n      <td>24.1</td>\n      <td>24.8</td>\n      <td>24.8</td>\n      <td>24.6</td>\n      <td>25.6</td>\n      <td>NaN</td>\n      <td>77.0</td>\n      <td>72.0</td>\n      <td>74.0</td>\n      <td>80.0</td>\n      <td>72.0</td>\n      <td>NaN</td>\n    </tr>\n    <tr>\n      <th>6842223</th>\n      <td>2015-01-01 07:00:00</td>\n      <td>26.1</td>\n      <td>59.0</td>\n      <td>25.0</td>\n      <td>24.1</td>\n      <td>24.8</td>\n      <td>24.8</td>\n      <td>24.6</td>\n      <td>25.6</td>\n      <td>68.0</td>\n      <td>77.0</td>\n      <td>72.0</td>\n      <td>74.0</td>\n      <td>80.0</td>\n      <td>72.0</td>\n    </tr>\n    <tr>\n      <th>6842224</th>\n      <td>2015-01-01 08:00:00</td>\n      <td>26.6</td>\n      <td>56.0</td>\n      <td>26.1</td>\n      <td>25.0</td>\n      <td>24.1</td>\n      <td>24.8</td>\n      <td>24.8</td>\n      <td>24.6</td>\n      <td>59.0</td>\n      <td>68.0</td>\n      <td>77.0</td>\n      <td>72.0</td>\n      <td>74.0</td>\n      <td>80.0</td>\n    </tr>\n    <tr>\n      <th>6842225</th>\n      <td>2015-01-01 09:00:00</td>\n      <td>26.9</td>\n      <td>57.0</td>\n      <td>26.6</td>\n      <td>26.1</td>\n      <td>25.0</td>\n      <td>24.1</td>\n      <td>24.8</td>\n      <td>24.8</td>\n      <td>56.0</td>\n      <td>59.0</td>\n      <td>68.0</td>\n      <td>77.0</td>\n      <td>72.0</td>\n      <td>74.0</td>\n    </tr>\n    <tr>\n      <th>6842226</th>\n      <td>2015-01-01 10:00:00</td>\n      <td>29.6</td>\n      <td>49.0</td>\n      <td>26.9</td>\n      <td>26.6</td>\n      <td>26.1</td>\n      <td>25.0</td>\n      <td>24.1</td>\n      <td>24.8</td>\n      <td>57.0</td>\n      <td>56.0</td>\n      <td>59.0</td>\n      <td>68.0</td>\n      <td>77.0</td>\n      <td>72.0</td>\n    </tr>\n  </tbody>\n</table>\n</div>"
          },
          "metadata": {}
        }
      ]
    },
    {
      "metadata": {
        "_uuid": "99c0f28887d577dafd3577004d7090c026f23ec4"
      },
      "cell_type": "markdown",
      "source": "You will probably remember that I have** intentionally introduced missing values for the first six hours **of the data collected by deriving features representing the prior six hours of measurements. It is not until the sixth hour in that we can start deriving those features, so clearly I will want to exclude those first sixth hours from the data set."
    },
    {
      "metadata": {
        "trusted": true,
        "collapsed": true,
        "_uuid": "bd4198c1e4e758619000d60686140b5cecb4d809"
      },
      "cell_type": "code",
      "source": "df_new = df_new.dropna()",
      "execution_count": 8,
      "outputs": []
    },
    {
      "metadata": {
        "trusted": true,
        "_uuid": "ad5b0f1330d4f95e3d3c7f98ffb2193db4114e71"
      },
      "cell_type": "code",
      "source": "df_new.head(10)",
      "execution_count": 9,
      "outputs": [
        {
          "output_type": "execute_result",
          "execution_count": 9,
          "data": {
            "text/plain": "                        mdct  temp  hmdy  temp_1  temp_2  temp_3  temp_4  \\\n6842223  2015-01-01 07:00:00  26.1  59.0    25.0    24.1    24.8    24.8   \n6842224  2015-01-01 08:00:00  26.6  56.0    26.1    25.0    24.1    24.8   \n6842225  2015-01-01 09:00:00  26.9  57.0    26.6    26.1    25.0    24.1   \n6842226  2015-01-01 10:00:00  29.6  49.0    26.9    26.6    26.1    25.0   \n6842227  2015-01-01 11:00:00  31.6  41.0    29.6    26.9    26.6    26.1   \n6842228  2015-01-01 12:00:00  33.3  39.0    31.6    29.6    26.9    26.6   \n6842229  2015-01-01 13:00:00  36.1  35.0    33.3    31.6    29.6    26.9   \n6842230  2015-01-01 14:00:00  36.0  33.0    36.1    33.3    31.6    29.6   \n6842231  2015-01-01 15:00:00  38.7  29.0    36.0    36.1    33.3    31.6   \n6842232  2015-01-01 16:00:00  39.0  28.0    38.7    36.0    36.1    33.3   \n\n         temp_5  temp_6  hmdy_1  hmdy_2  hmdy_3  hmdy_4  hmdy_5  hmdy_6  \n6842223    24.6    25.6    68.0    77.0    72.0    74.0    80.0    72.0  \n6842224    24.8    24.6    59.0    68.0    77.0    72.0    74.0    80.0  \n6842225    24.8    24.8    56.0    59.0    68.0    77.0    72.0    74.0  \n6842226    24.1    24.8    57.0    56.0    59.0    68.0    77.0    72.0  \n6842227    25.0    24.1    49.0    57.0    56.0    59.0    68.0    77.0  \n6842228    26.1    25.0    41.0    49.0    57.0    56.0    59.0    68.0  \n6842229    26.6    26.1    39.0    41.0    49.0    57.0    56.0    59.0  \n6842230    26.9    26.6    35.0    39.0    41.0    49.0    57.0    56.0  \n6842231    29.6    26.9    33.0    35.0    39.0    41.0    49.0    57.0  \n6842232    31.6    29.6    29.0    33.0    35.0    39.0    41.0    49.0  ",
            "text/html": "<div>\n<style scoped>\n    .dataframe tbody tr th:only-of-type {\n        vertical-align: middle;\n    }\n\n    .dataframe tbody tr th {\n        vertical-align: top;\n    }\n\n    .dataframe thead th {\n        text-align: right;\n    }\n</style>\n<table border=\"1\" class=\"dataframe\">\n  <thead>\n    <tr style=\"text-align: right;\">\n      <th></th>\n      <th>mdct</th>\n      <th>temp</th>\n      <th>hmdy</th>\n      <th>temp_1</th>\n      <th>temp_2</th>\n      <th>temp_3</th>\n      <th>temp_4</th>\n      <th>temp_5</th>\n      <th>temp_6</th>\n      <th>hmdy_1</th>\n      <th>hmdy_2</th>\n      <th>hmdy_3</th>\n      <th>hmdy_4</th>\n      <th>hmdy_5</th>\n      <th>hmdy_6</th>\n    </tr>\n  </thead>\n  <tbody>\n    <tr>\n      <th>6842223</th>\n      <td>2015-01-01 07:00:00</td>\n      <td>26.1</td>\n      <td>59.0</td>\n      <td>25.0</td>\n      <td>24.1</td>\n      <td>24.8</td>\n      <td>24.8</td>\n      <td>24.6</td>\n      <td>25.6</td>\n      <td>68.0</td>\n      <td>77.0</td>\n      <td>72.0</td>\n      <td>74.0</td>\n      <td>80.0</td>\n      <td>72.0</td>\n    </tr>\n    <tr>\n      <th>6842224</th>\n      <td>2015-01-01 08:00:00</td>\n      <td>26.6</td>\n      <td>56.0</td>\n      <td>26.1</td>\n      <td>25.0</td>\n      <td>24.1</td>\n      <td>24.8</td>\n      <td>24.8</td>\n      <td>24.6</td>\n      <td>59.0</td>\n      <td>68.0</td>\n      <td>77.0</td>\n      <td>72.0</td>\n      <td>74.0</td>\n      <td>80.0</td>\n    </tr>\n    <tr>\n      <th>6842225</th>\n      <td>2015-01-01 09:00:00</td>\n      <td>26.9</td>\n      <td>57.0</td>\n      <td>26.6</td>\n      <td>26.1</td>\n      <td>25.0</td>\n      <td>24.1</td>\n      <td>24.8</td>\n      <td>24.8</td>\n      <td>56.0</td>\n      <td>59.0</td>\n      <td>68.0</td>\n      <td>77.0</td>\n      <td>72.0</td>\n      <td>74.0</td>\n    </tr>\n    <tr>\n      <th>6842226</th>\n      <td>2015-01-01 10:00:00</td>\n      <td>29.6</td>\n      <td>49.0</td>\n      <td>26.9</td>\n      <td>26.6</td>\n      <td>26.1</td>\n      <td>25.0</td>\n      <td>24.1</td>\n      <td>24.8</td>\n      <td>57.0</td>\n      <td>56.0</td>\n      <td>59.0</td>\n      <td>68.0</td>\n      <td>77.0</td>\n      <td>72.0</td>\n    </tr>\n    <tr>\n      <th>6842227</th>\n      <td>2015-01-01 11:00:00</td>\n      <td>31.6</td>\n      <td>41.0</td>\n      <td>29.6</td>\n      <td>26.9</td>\n      <td>26.6</td>\n      <td>26.1</td>\n      <td>25.0</td>\n      <td>24.1</td>\n      <td>49.0</td>\n      <td>57.0</td>\n      <td>56.0</td>\n      <td>59.0</td>\n      <td>68.0</td>\n      <td>77.0</td>\n    </tr>\n    <tr>\n      <th>6842228</th>\n      <td>2015-01-01 12:00:00</td>\n      <td>33.3</td>\n      <td>39.0</td>\n      <td>31.6</td>\n      <td>29.6</td>\n      <td>26.9</td>\n      <td>26.6</td>\n      <td>26.1</td>\n      <td>25.0</td>\n      <td>41.0</td>\n      <td>49.0</td>\n      <td>57.0</td>\n      <td>56.0</td>\n      <td>59.0</td>\n      <td>68.0</td>\n    </tr>\n    <tr>\n      <th>6842229</th>\n      <td>2015-01-01 13:00:00</td>\n      <td>36.1</td>\n      <td>35.0</td>\n      <td>33.3</td>\n      <td>31.6</td>\n      <td>29.6</td>\n      <td>26.9</td>\n      <td>26.6</td>\n      <td>26.1</td>\n      <td>39.0</td>\n      <td>41.0</td>\n      <td>49.0</td>\n      <td>57.0</td>\n      <td>56.0</td>\n      <td>59.0</td>\n    </tr>\n    <tr>\n      <th>6842230</th>\n      <td>2015-01-01 14:00:00</td>\n      <td>36.0</td>\n      <td>33.0</td>\n      <td>36.1</td>\n      <td>33.3</td>\n      <td>31.6</td>\n      <td>29.6</td>\n      <td>26.9</td>\n      <td>26.6</td>\n      <td>35.0</td>\n      <td>39.0</td>\n      <td>41.0</td>\n      <td>49.0</td>\n      <td>57.0</td>\n      <td>56.0</td>\n    </tr>\n    <tr>\n      <th>6842231</th>\n      <td>2015-01-01 15:00:00</td>\n      <td>38.7</td>\n      <td>29.0</td>\n      <td>36.0</td>\n      <td>36.1</td>\n      <td>33.3</td>\n      <td>31.6</td>\n      <td>29.6</td>\n      <td>26.9</td>\n      <td>33.0</td>\n      <td>35.0</td>\n      <td>39.0</td>\n      <td>41.0</td>\n      <td>49.0</td>\n      <td>57.0</td>\n    </tr>\n    <tr>\n      <th>6842232</th>\n      <td>2015-01-01 16:00:00</td>\n      <td>39.0</td>\n      <td>28.0</td>\n      <td>38.7</td>\n      <td>36.0</td>\n      <td>36.1</td>\n      <td>33.3</td>\n      <td>31.6</td>\n      <td>29.6</td>\n      <td>29.0</td>\n      <td>33.0</td>\n      <td>35.0</td>\n      <td>39.0</td>\n      <td>41.0</td>\n      <td>49.0</td>\n    </tr>\n  </tbody>\n</table>\n</div>"
          },
          "metadata": {}
        }
      ]
    },
    {
      "metadata": {
        "_uuid": "7ecc06440c4639faeb4ce29b8a96c262853b43f7"
      },
      "cell_type": "markdown",
      "source": "<h2>Cross-correlation: Finally </h2></h2>"
    },
    {
      "metadata": {
        "trusted": true,
        "_uuid": "33a01a82a1044d101848d257825037871d7296e4"
      },
      "cell_type": "code",
      "source": "df_new.corr()",
      "execution_count": 10,
      "outputs": [
        {
          "output_type": "execute_result",
          "execution_count": 10,
          "data": {
            "text/plain": "            temp      hmdy    temp_1    temp_2    temp_3    temp_4    temp_5  \\\ntemp    1.000000 -0.511732  0.888855  0.819054  0.731786  0.629800  0.523577   \nhmdy   -0.511732  1.000000 -0.558337 -0.494677 -0.403986 -0.299873 -0.191815   \ntemp_1  0.888855 -0.558337  1.000000  0.888847  0.819041  0.731766  0.629775   \ntemp_2  0.819054 -0.494677  0.888847  1.000000  0.888839  0.819029  0.731749   \ntemp_3  0.731786 -0.403986  0.819041  0.888839  1.000000  0.888832  0.819018   \ntemp_4  0.629800 -0.299873  0.731766  0.819029  0.888832  1.000000  0.888825   \ntemp_5  0.523577 -0.191815  0.629775  0.731749  0.819018  0.888825  1.000000   \ntemp_6  0.416886 -0.085660  0.523553  0.629755  0.731737  0.819010  0.888819   \nhmdy_1 -0.555692  0.817130 -0.511700 -0.558311 -0.494646 -0.403949 -0.299832   \nhmdy_2 -0.494948  0.713668 -0.555667 -0.511679 -0.558287 -0.494620 -0.403921   \nhmdy_3 -0.411066  0.595964 -0.494922 -0.555647 -0.511655 -0.558266 -0.494596   \nhmdy_4 -0.312864  0.467168 -0.411026 -0.494893 -0.555619 -0.511624 -0.558239   \nhmdy_5 -0.210123  0.333565 -0.312818 -0.410995 -0.494859 -0.555588 -0.511593   \nhmdy_6 -0.111014  0.209803 -0.210088 -0.312792 -0.410971 -0.494839 -0.555572   \n\n          temp_6    hmdy_1    hmdy_2    hmdy_3    hmdy_4    hmdy_5    hmdy_6  \ntemp    0.416886 -0.555692 -0.494948 -0.411066 -0.312864 -0.210123 -0.111014  \nhmdy   -0.085660  0.817130  0.713668  0.595964  0.467168  0.333565  0.209803  \ntemp_1  0.523553 -0.511700 -0.555667 -0.494922 -0.411026 -0.312818 -0.210088  \ntemp_2  0.629755 -0.558311 -0.511679 -0.555647 -0.494893 -0.410995 -0.312792  \ntemp_3  0.731737 -0.494646 -0.558287 -0.511655 -0.555619 -0.494859 -0.410971  \ntemp_4  0.819010 -0.403949 -0.494620 -0.558266 -0.511624 -0.555588 -0.494839  \ntemp_5  0.888819 -0.299832 -0.403921 -0.494596 -0.558239 -0.511593 -0.555572  \ntemp_6  1.000000 -0.191778 -0.299800 -0.403896 -0.494568 -0.558207 -0.511575  \nhmdy_1 -0.191778  1.000000  0.817118  0.713655  0.595939  0.467136  0.333540  \nhmdy_2 -0.299800  0.817118  1.000000  0.817111  0.713646  0.595930  0.467121  \nhmdy_3 -0.403896  0.713655  0.817111  1.000000  0.817104  0.713632  0.595919  \nhmdy_4 -0.494568  0.595939  0.713646  0.817104  1.000000  0.817095  0.713624  \nhmdy_5 -0.558207  0.467136  0.595930  0.713632  0.817095  1.000000  0.817086  \nhmdy_6 -0.511575  0.333540  0.467121  0.595919  0.713624  0.817086  1.000000  ",
            "text/html": "<div>\n<style scoped>\n    .dataframe tbody tr th:only-of-type {\n        vertical-align: middle;\n    }\n\n    .dataframe tbody tr th {\n        vertical-align: top;\n    }\n\n    .dataframe thead th {\n        text-align: right;\n    }\n</style>\n<table border=\"1\" class=\"dataframe\">\n  <thead>\n    <tr style=\"text-align: right;\">\n      <th></th>\n      <th>temp</th>\n      <th>hmdy</th>\n      <th>temp_1</th>\n      <th>temp_2</th>\n      <th>temp_3</th>\n      <th>temp_4</th>\n      <th>temp_5</th>\n      <th>temp_6</th>\n      <th>hmdy_1</th>\n      <th>hmdy_2</th>\n      <th>hmdy_3</th>\n      <th>hmdy_4</th>\n      <th>hmdy_5</th>\n      <th>hmdy_6</th>\n    </tr>\n  </thead>\n  <tbody>\n    <tr>\n      <th>temp</th>\n      <td>1.000000</td>\n      <td>-0.511732</td>\n      <td>0.888855</td>\n      <td>0.819054</td>\n      <td>0.731786</td>\n      <td>0.629800</td>\n      <td>0.523577</td>\n      <td>0.416886</td>\n      <td>-0.555692</td>\n      <td>-0.494948</td>\n      <td>-0.411066</td>\n      <td>-0.312864</td>\n      <td>-0.210123</td>\n      <td>-0.111014</td>\n    </tr>\n    <tr>\n      <th>hmdy</th>\n      <td>-0.511732</td>\n      <td>1.000000</td>\n      <td>-0.558337</td>\n      <td>-0.494677</td>\n      <td>-0.403986</td>\n      <td>-0.299873</td>\n      <td>-0.191815</td>\n      <td>-0.085660</td>\n      <td>0.817130</td>\n      <td>0.713668</td>\n      <td>0.595964</td>\n      <td>0.467168</td>\n      <td>0.333565</td>\n      <td>0.209803</td>\n    </tr>\n    <tr>\n      <th>temp_1</th>\n      <td>0.888855</td>\n      <td>-0.558337</td>\n      <td>1.000000</td>\n      <td>0.888847</td>\n      <td>0.819041</td>\n      <td>0.731766</td>\n      <td>0.629775</td>\n      <td>0.523553</td>\n      <td>-0.511700</td>\n      <td>-0.555667</td>\n      <td>-0.494922</td>\n      <td>-0.411026</td>\n      <td>-0.312818</td>\n      <td>-0.210088</td>\n    </tr>\n    <tr>\n      <th>temp_2</th>\n      <td>0.819054</td>\n      <td>-0.494677</td>\n      <td>0.888847</td>\n      <td>1.000000</td>\n      <td>0.888839</td>\n      <td>0.819029</td>\n      <td>0.731749</td>\n      <td>0.629755</td>\n      <td>-0.558311</td>\n      <td>-0.511679</td>\n      <td>-0.555647</td>\n      <td>-0.494893</td>\n      <td>-0.410995</td>\n      <td>-0.312792</td>\n    </tr>\n    <tr>\n      <th>temp_3</th>\n      <td>0.731786</td>\n      <td>-0.403986</td>\n      <td>0.819041</td>\n      <td>0.888839</td>\n      <td>1.000000</td>\n      <td>0.888832</td>\n      <td>0.819018</td>\n      <td>0.731737</td>\n      <td>-0.494646</td>\n      <td>-0.558287</td>\n      <td>-0.511655</td>\n      <td>-0.555619</td>\n      <td>-0.494859</td>\n      <td>-0.410971</td>\n    </tr>\n    <tr>\n      <th>temp_4</th>\n      <td>0.629800</td>\n      <td>-0.299873</td>\n      <td>0.731766</td>\n      <td>0.819029</td>\n      <td>0.888832</td>\n      <td>1.000000</td>\n      <td>0.888825</td>\n      <td>0.819010</td>\n      <td>-0.403949</td>\n      <td>-0.494620</td>\n      <td>-0.558266</td>\n      <td>-0.511624</td>\n      <td>-0.555588</td>\n      <td>-0.494839</td>\n    </tr>\n    <tr>\n      <th>temp_5</th>\n      <td>0.523577</td>\n      <td>-0.191815</td>\n      <td>0.629775</td>\n      <td>0.731749</td>\n      <td>0.819018</td>\n      <td>0.888825</td>\n      <td>1.000000</td>\n      <td>0.888819</td>\n      <td>-0.299832</td>\n      <td>-0.403921</td>\n      <td>-0.494596</td>\n      <td>-0.558239</td>\n      <td>-0.511593</td>\n      <td>-0.555572</td>\n    </tr>\n    <tr>\n      <th>temp_6</th>\n      <td>0.416886</td>\n      <td>-0.085660</td>\n      <td>0.523553</td>\n      <td>0.629755</td>\n      <td>0.731737</td>\n      <td>0.819010</td>\n      <td>0.888819</td>\n      <td>1.000000</td>\n      <td>-0.191778</td>\n      <td>-0.299800</td>\n      <td>-0.403896</td>\n      <td>-0.494568</td>\n      <td>-0.558207</td>\n      <td>-0.511575</td>\n    </tr>\n    <tr>\n      <th>hmdy_1</th>\n      <td>-0.555692</td>\n      <td>0.817130</td>\n      <td>-0.511700</td>\n      <td>-0.558311</td>\n      <td>-0.494646</td>\n      <td>-0.403949</td>\n      <td>-0.299832</td>\n      <td>-0.191778</td>\n      <td>1.000000</td>\n      <td>0.817118</td>\n      <td>0.713655</td>\n      <td>0.595939</td>\n      <td>0.467136</td>\n      <td>0.333540</td>\n    </tr>\n    <tr>\n      <th>hmdy_2</th>\n      <td>-0.494948</td>\n      <td>0.713668</td>\n      <td>-0.555667</td>\n      <td>-0.511679</td>\n      <td>-0.558287</td>\n      <td>-0.494620</td>\n      <td>-0.403921</td>\n      <td>-0.299800</td>\n      <td>0.817118</td>\n      <td>1.000000</td>\n      <td>0.817111</td>\n      <td>0.713646</td>\n      <td>0.595930</td>\n      <td>0.467121</td>\n    </tr>\n    <tr>\n      <th>hmdy_3</th>\n      <td>-0.411066</td>\n      <td>0.595964</td>\n      <td>-0.494922</td>\n      <td>-0.555647</td>\n      <td>-0.511655</td>\n      <td>-0.558266</td>\n      <td>-0.494596</td>\n      <td>-0.403896</td>\n      <td>0.713655</td>\n      <td>0.817111</td>\n      <td>1.000000</td>\n      <td>0.817104</td>\n      <td>0.713632</td>\n      <td>0.595919</td>\n    </tr>\n    <tr>\n      <th>hmdy_4</th>\n      <td>-0.312864</td>\n      <td>0.467168</td>\n      <td>-0.411026</td>\n      <td>-0.494893</td>\n      <td>-0.555619</td>\n      <td>-0.511624</td>\n      <td>-0.558239</td>\n      <td>-0.494568</td>\n      <td>0.595939</td>\n      <td>0.713646</td>\n      <td>0.817104</td>\n      <td>1.000000</td>\n      <td>0.817095</td>\n      <td>0.713624</td>\n    </tr>\n    <tr>\n      <th>hmdy_5</th>\n      <td>-0.210123</td>\n      <td>0.333565</td>\n      <td>-0.312818</td>\n      <td>-0.410995</td>\n      <td>-0.494859</td>\n      <td>-0.555588</td>\n      <td>-0.511593</td>\n      <td>-0.558207</td>\n      <td>0.467136</td>\n      <td>0.595930</td>\n      <td>0.713632</td>\n      <td>0.817095</td>\n      <td>1.000000</td>\n      <td>0.817086</td>\n    </tr>\n    <tr>\n      <th>hmdy_6</th>\n      <td>-0.111014</td>\n      <td>0.209803</td>\n      <td>-0.210088</td>\n      <td>-0.312792</td>\n      <td>-0.410971</td>\n      <td>-0.494839</td>\n      <td>-0.555572</td>\n      <td>-0.511575</td>\n      <td>0.333540</td>\n      <td>0.467121</td>\n      <td>0.595919</td>\n      <td>0.713624</td>\n      <td>0.817086</td>\n      <td>1.000000</td>\n    </tr>\n  </tbody>\n</table>\n</div>"
          },
          "metadata": {}
        }
      ]
    },
    {
      "metadata": {
        "trusted": true,
        "_uuid": "ae7bd3ec782067eb4d0c2c99aeddd38ad12e9196"
      },
      "cell_type": "code",
      "source": "import matplotlib.pyplot as plt\nimport numpy as np\nimport seaborn as sns\ncolormap = plt.cm.RdBu\nplt.figure(figsize=(15,10))\nplt.title(u'6 hours', y=1.05, size=16)\n\nmask = np.zeros_like(df_new.corr())\nmask[np.triu_indices_from(mask)] = True\n\nsns.heatmap(df_new.corr(), mask=mask, linewidths=0.1,vmax=1.0, square=True, cmap=colormap, linecolor='white', annot=True)\nplt.show()",
      "execution_count": 13,
      "outputs": [
        {
          "output_type": "display_data",
          "data": {
            "text/plain": "<matplotlib.figure.Figure at 0x7f5c5b12fdd8>",
